True l = 0.05
0.010000 0.436719
0.011514 0.436719
0.013257 0.447656
0.015264 0.425000
0.017575 0.430469
0.020236 0.432031
0.023300 0.407813
0.026827 0.434375
0.030888 0.400781
0.035565 0.411719
0.040949 0.403125
0.047149 0.383594
0.054287 0.391406
0.062506 0.382031
0.071969 0.391406
0.082864 0.386719
0.095410 0.394531
0.109854 0.393750
0.126486 0.395313
0.145635 0.409375
0.167683 0.421875
0.193070 0.425000
0.222300 0.432031
0.255955 0.436719
0.294705 0.441406
0.339322 0.436719
0.390694 0.439063
0.449843 0.446875
0.517947 0.457031
0.596362 0.469531
0.686649 0.473438
0.790604 0.478125
0.910298 0.478125
1.048113 0.476562
1.206793 0.469531
1.389495 0.467187
1.599859 0.465625
1.842070 0.477344
2.120951 0.477344
2.442053 0.477344
2.811769 0.482031
3.237458 0.489844
3.727594 0.488281
4.291934 0.487500
4.941713 0.491406
5.689866 0.489844
6.551286 0.492188
7.543120 0.490625
8.685114 0.490625
10.000000 0.490625

True l = 0.3
0.010000 0.436719
0.011514 0.446094
0.013257 0.460156
0.015264 0.438281
0.017575 0.423438
0.020236 0.425000
0.023300 0.452344
0.026827 0.381250
0.030888 0.350000
0.035565 0.321094
0.040949 0.320312
0.047149 0.288281
0.054287 0.273438
0.062506 0.277344
0.071969 0.257031
0.082864 0.247656
0.095410 0.228906
0.109854 0.221875
0.126486 0.208594
0.145635 0.210156
0.167683 0.199219
0.193070 0.192969
0.222300 0.195312
0.255955 0.204687
0.294705 0.192969
0.339322 0.179688
0.390694 0.165625
0.449843 0.158594
0.517947 0.159375
0.596362 0.161719
0.686649 0.165625
0.790604 0.170313
0.910298 0.178125
1.048113 0.189844
1.206793 0.199219
1.389495 0.197656
1.599859 0.204687
1.842070 0.211719
2.120951 0.225000
2.442053 0.232813
2.811769 0.243750
3.237458 0.267188
3.727594 0.289062
4.291934 0.314063
4.941713 0.323437
5.689866 0.339844
6.551286 0.347656
7.543120 0.347656
8.685114 0.347656
10.000000 0.347656

True l = 0.6
0.010000 0.431250
0.011514 0.438281
0.013257 0.414062
0.015264 0.442188
0.017575 0.446875
0.020236 0.436719
0.023300 0.421094
0.026827 0.385937
0.030888 0.346094
0.035565 0.293750
0.040949 0.278125
0.047149 0.267969
0.054287 0.237500
0.062506 0.216406
0.071969 0.213281
0.082864 0.184375
0.095410 0.173437
0.109854 0.152344
0.126486 0.135156
0.145635 0.128125
0.167683 0.116406
0.193070 0.107031
0.222300 0.096094
0.255955 0.091406
0.294705 0.088281
0.339322 0.083594
0.390694 0.088281
0.449843 0.090625
0.517947 0.093750
0.596362 0.101562
0.686649 0.109375
0.790604 0.122656
0.910298 0.132812
1.048113 0.141406
1.206793 0.141406
1.389495 0.142187
1.599859 0.146875
1.842070 0.152344
2.120951 0.175000
2.442053 0.193750
2.811769 0.210156
3.237458 0.247656
3.727594 0.280469
4.291934 0.274219
4.941713 0.268750
5.689866 0.268750
6.551286 0.268750
7.543120 0.268750
8.685114 0.268750
10.000000 0.268750

