MCMC Results for Different Beta Values
=====================================
 Beta   | Acc Rate (GRW-MH) | Acc Rate (pCN) | Mean Error (GRW-MH) | Mean Error (pCN) 
------------------------------------------------------------------------
 0.00   | 1.000000  | 1.000000  | 1.877381  | 1.877381 
 0.01   | 0.910700  | 0.947300  | 0.650293  | 0.601051 
 0.05   | 0.648900  | 0.841900  | 0.397745  | 0.309387 
 0.10   | 0.373000  | 0.696300  | 0.329793  | 0.320508 
 0.20   | 0.081000  | 0.437300  | 0.320012  | 0.319769 
 0.30   | 0.016900  | 0.252400  | 0.342479  | 0.330237 
 0.40   | 0.005600  | 0.131500  | 0.294811  | 0.316827 
 0.50   | 0.001200  | 0.065800  | 0.468186  | 0.318956 
 0.60   | 0.000600  | 0.025700  | 0.730851  | 0.310304 
 0.70   | 0.000200  | 0.014700  | 0.915088  | 0.352895 
 0.80   | 0.000200  | 0.008100  | 1.171821  | 0.356735 
 0.90   | 0.000200  | 0.003000  | 1.028001  | 0.320182 
 0.95   | 0.000100  | 0.001800  | 1.470580  | 0.444230 
 1.00   | 0.000100  | 0.001600  | 1.269315  | 0.469161 
